1710385044976,120.8085018,30.8055065,118.15
1710385045979,120.8085010,30.8055056,118.23
1710385046982,120.8085003,30.8055046,118.22
1710385047985,120.8084999,30.8055031,117.43
1710385048988,120.8085000,30.8055006,114.86
1710385049991,120.8085006,30.8054968,109.61
1710385050994,120.8085021,30.8054924,102.82
1710385051997,120.8085045,30.8054876,94.43
1710385053000,120.8085078,30.8054829,85.87
1710385054003,120.8085127,30.8054781,76.44
1710385055006,120.8085172,30.8054754,70.32
1710385056009,120.8085220,30.8054740,66.18
1710385057012,120.8085271,30.8054738,64.12
1710385058015,120.8085324,30.8054746,63.65
1710385059018,120.8085378,30.8054760,64.00
1710385060021,120.8085437,30.8054777,64.32
1710385061024,120.8085501,30.8054794,63.97
1710385062027,120.8085572,30.8054811,62.55
1710385063031,120.8085649,30.8054829,60.25
1710385064034,120.8085732,30.8054851,57.47
1710385065037,120.8085816,30.8054880,55.19
1710385066040,120.8085901,30.8054915,53.77
1710385067043,120.8085985,30.8054960,53.36
1710385068046,120.8086072,30.8055011,53.75
1710385069049,120.8086162,30.8055067,54.51
1710385070052,120.8086257,30.8055126,55.13
1710385071055,120.8086359,30.8055186,55.17
1710385072058,120.8086467,30.8055247,54.58
1710385073061,120.8086580,30.8055311,53.73
1710385074064,120.8086696,30.8055379,52.96
1710385075067,120.8086815,30.8055452,52.51
1710385076070,120.8086936,30.8055531,52.51
1710385077073,120.8087060,30.8055614,53.03
1710385078076,120.8087187,30.8055700,53.96
1710385079079,120.8087319,30.8055788,55.15
1710385080082,120.8087456,30.8055875,56.12
1710385081085,120.8087601,30.8055962,56.49
1710385082088,120.8087751,30.8056047,56.18
1710385083091,120.8087906,30.8056133,55.42
1710385084094,120.8088063,30.8056223,54.73
1710385085097,120.8088221,30.8056316,54.17
1710385086100,120.8088380,30.8056413,54.00
1710385087103,120.8088540,30.8056512,54.19
1710385088106,120.8088702,30.8056613,54.47
1710385089109,120.8088866,30.8056715,54.81
1710385090112,120.8089032,30.8056816,55.07
1710385091115,120.8089201,30.8056917,55.02
1710385092118,120.8089372,30.8057018,54.62
1710385093121,120.8089544,30.8057120,54.15
1710385094124,120.8089715,30.8057222,53.64
1710385095127,120.8089888,30.8057327,53.15
1710385096130,120.8090059,30.8057434,52.80
1710385097134,120.8090230,30.8057543,52.80
1710385098137,120.8090399,30.8057653,52.97
1710385099140,120.8090569,30.8057763,53.36
1710385100143,120.8090740,30.8057873,53.70
1710385101146,120.8090913,30.8057982,53.81
1710385102149,120.8091089,30.8058086,52.40
1710385103152,120.8091269,30.8058185,48.17
1710385104155,120.8091449,30.8058287,41.74
1710385105158,120.8091621,30.8058399,33.67
1710385106161,120.8091775,30.8058525,25.38
1710385107164,120.8091903,30.8058666,18.34
1710385108167,120.8091998,30.8058822,14.00
1710385109170,120.8092066,30.8058986,12.38
1710385110173,120.8092118,30.8059155,12.73
1710385111176,120.8092165,30.8059329,13.36
1710385112179,120.8092216,30.8059505,13.15
1710385113182,120.8092270,30.8059682,11.82
1710385114185,120.8092324,30.8059862,9.54
1710385115188,120.8092371,30.8060043,7.23
1710385116191,120.8092408,30.8060227,5.28
1710385117194,120.8092436,30.8060413,3.85
1710385118197,120.8092456,30.8060600,3.08
1710385119200,120.8092469,30.8060788,2.79
1710385120203,120.8092480,30.8060977,2.74
1710385121206,120.8092490,30.8061203,2.82
1710385122209,120.8092498,30.8061392,2.91
1710385123212,120.8092505,30.8061582,3.15
1710385124215,120.8092513,30.8061771,3.28
1710385125218,120.8092522,30.8061960,3.13
1710385126221,120.8092533,30.8062149,2.75
1710385127224,120.8092542,30.8062339,2.40
1710385128227,120.8092550,30.8062529,2.12
1710385129230,120.8092557,30.8062718,1.77
1710385130233,120.8092564,30.8062907,1.37
1710385131236,120.8092568,30.8063095,0.97
1710385132239,120.8092570,30.8063284,0.89
1710385133242,120.8092570,30.8063473,0.99
1710385134245,120.8092571,30.8063661,1.13
1710385135248,120.8092571,30.8063850,1.11
1710385136251,120.8092572,30.8064038,1.24
1710385137254,120.8092572,30.8064226,1.35
1710385138257,120.8092574,30.8064414,1.50
1710385139260,120.8092575,30.8064602,1.76
1710385140263,120.8092576,30.8064790,1.97
1710385141266,120.8092579,30.8064977,1.99
1710385142269,120.8092583,30.8065165,1.88
1710385143272,120.8092587,30.8065352,1.73
1710385144275,120.8092590,30.8065540,1.65
1710385145278,120.8092593,30.8065727,1.57
1710385146281,120.8092596,30.8065914,1.56
1710385147284,120.8092597,30.8066102,1.74
1710385148287,120.8092598,30.8066289,2.00
1710385149290,120.8092599,30.8066475,2.20
1710385150293,120.8092602,30.8066661,2.29
1710385151296,120.8092607,30.8066847,2.04
1710385152299,120.8092612,30.8067033,1.69
1710385153302,120.8092615,30.8067218,1.37
1710385154305,120.8092617,30.8067404,1.26
1710385155308,120.8092619,30.8067590,1.17
1710385156311,120.8092619,30.8067776,1.17
1710385157314,120.8092619,30.8067962,1.34
1710385158317,120.8092618,30.8068148,1.57
1710385159320,120.8092617,30.8068334,1.81
1710385160323,120.8092618,30.8068520,2.02
1710385161326,120.8092621,30.8068706,2.03
1710385162329,120.8092623,30.8068892,1.89
1710385163332,120.8092626,30.8069078,1.64
1710385164335,120.8092628,30.8069264,1.42
1710385165338,120.8092630,30.8069450,1.38
1710385166341,120.8092631,30.8069636,1.40
1710385167344,120.8092631,30.8069822,1.45
1710385168347,120.8092631,30.8070007,1.55
1710385169350,120.8092632,30.8070193,1.58
1710385170353,120.8092633,30.8070379,1.56
1710385171356,120.8092635,30.8070564,1.53
1710385172359,120.8092637,30.8070750,1.36
1710385173362,120.8092639,30.8070936,1.10
1710385174365,120.8092640,30.8071121,0.90
1710385175368,120.8092640,30.8071306,0.87
1710385176371,120.8092638,30.8071492,0.93
1710385177374,120.8092637,30.8071678,1.01
1710385178377,120.8092636,30.8071864,1.06
1710385179380,120.8092635,30.8072050,1.11
1710385180383,120.8092634,30.8072235,1.11
1710385181386,120.8092634,30.8072421,1.22
1710385182389,120.8092633,30.8072607,1.26
1710385183392,120.8092634,30.8072793,1.06
1710385184395,120.8092635,30.8072978,0.81
1710385185398,120.8092634,30.8073164,0.69
1710385186401,120.8092632,30.8073348,0.68
1710385187404,120.8092630,30.8073569,0.77
1710385188407,120.8092628,30.8073754,1.01
1710385189410,120.8092626,30.8073938,1.23
1710385190413,120.8092626,30.8074122,1.28
1710385191416,120.8092627,30.8074306,1.28
1710385192419,120.8092629,30.8074490,1.08
1710385193422,120.8092630,30.8074674,0.74
1710385194425,120.8092631,30.8074857,0.49
1710385195428,120.8092630,30.8075041,0.41
1710385196431,120.8092628,30.8075224,0.40
1710385197434,120.8092626,30.8075408,0.47
1710385198437,120.8092622,30.8075591,0.69
1710385199440,120.8092620,30.8075774,1.01
1710385200443,120.8092618,30.8075958,1.17
1710385201446,120.8092618,30.8076140,1.07
1710385202449,120.8092618,30.8076323,0.85
1710385203452,120.8092619,30.8076505,0.63
1710385204455,120.8092618,30.8076688,0.50
1710385205458,120.8092615,30.8076870,0.59
1710385206461,120.8092613,30.8077052,0.72
1710385207464,120.8092610,30.8077234,0.97
1710385208467,120.8092608,30.8077415,1.21
1710385209470,120.8092608,30.8077598,1.26
1710385210473,120.8092609,30.8077779,1.18
1710385211476,120.8092610,30.8077961,0.96
1710385212479,120.8092612,30.8078142,0.60
1710385213482,120.8092612,30.8078324,0.40
1710385214485,120.8092611,30.8078506,0.21
1710385215488,120.8092608,30.8078688,0.14
1710385216491,120.8092605,30.8078870,0.30
1710385217494,120.8092601,30.8079053,0.49
1710385218497,120.8092597,30.8079234,0.82
1710385219500,120.8092595,30.8079416,1.01
1710385220503,120.8092595,30.8079597,1.01
1710385221506,120.8092595,30.8079778,0.97
1710385222509,120.8092595,30.8079959,0.79
1710385223512,120.8092595,30.8080140,0.79
1710385224515,120.8092594,30.8080321,0.79
1710385225518,120.8092593,30.8080502,0.89
1710385226521,120.8092591,30.8080684,1.06
1710385227524,120.8092591,30.8080864,1.17
1710385228527,120.8092591,30.8081045,1.09
1710385229530,120.8092590,30.8081226,0.95
1710385230533,120.8092590,30.8081407,0.80
1710385231536,120.8092587,30.8081587,0.94
1710385232539,120.8092585,30.8081768,1.10
1710385233542,120.8092584,30.8081949,1.25
1710385234545,120.8092583,30.8082130,1.43
1710385235548,120.8092582,30.8082310,1.40
1710385236551,120.8092582,30.8082491,1.32
1710385237554,120.8092580,30.8082671,1.26
1710385238557,120.8092579,30.8082852,1.22
1710385239560,120.8092577,30.8083032,1.39
1710385240563,120.8092576,30.8083212,1.58
1710385241566,120.8092575,30.8083393,1.72
1710385242569,120.8092575,30.8083573,1.71
1710385243572,120.8092576,30.8083753,1.69
1710385244575,120.8092577,30.8083934,1.55
1710385245578,120.8092578,30.8084114,1.41
1710385246581,120.8092577,30.8084295,1.37
1710385247584,120.8092578,30.8084476,1.35
1710385248587,120.8092577,30.8084657,1.46
1710385249590,120.8092576,30.8084837,1.63
1710385250593,120.8092577,30.8085018,1.65
1710385251596,120.8092579,30.8085198,1.44
1710385252599,120.8092580,30.8085415,1.23
1710385253602,120.8092580,30.8085595,1.10
1710385254605,120.8092579,30.8085777,1.29
1710385255608,120.8092578,30.8085958,1.51
1710385256611,120.8092579,30.8086139,1.70
1710385257614,120.8092581,30.8086320,1.64
1710385258617,120.8092584,30.8086501,1.33
1710385259620,120.8092587,30.8086682,0.88
1710385260623,120.8092587,30.8086864,0.52
1710385261626,120.8092586,30.8087045,0.34
1710385262629,120.8092584,30.8087226,0.24
1710385263632,120.8092580,30.8087409,0.28
1710385264635,120.8092577,30.8087590,0.35
1710385265638,120.8092572,30.8087771,0.59
1710385266641,120.8092568,30.8087953,0.82
1710385267644,120.8092566,30.8088134,0.77
1710385268647,120.8092564,30.8088316,0.56
1710385269650,120.8092562,30.8088497,0.48
1710385270653,120.8092559,30.8088678,0.58
1710385271656,120.8092556,30.8088859,0.75
1710385272659,120.8092554,30.8089040,0.96
1710385273662,120.8092552,30.8089221,1.04
1710385274665,120.8092552,30.8089402,1.00
1710385275668,120.8092552,30.8089583,0.84
1710385276671,120.8092552,30.8089764,0.60
1710385277674,120.8092551,30.8089945,0.46
1710385278677,120.8092548,30.8090126,0.40
1710385279680,120.8092546,30.8090307,0.48
1710385280683,120.8092543,30.8090487,0.64
1710385281686,120.8092539,30.8090668,0.93
1710385282689,120.8092537,30.8090849,1.13
1710385283692,120.8092536,30.8091029,1.08
1710385284695,120.8092537,30.8091210,0.93
1710385285698,120.8092536,30.8091391,0.88
1710385286701,120.8092535,30.8091571,0.95
1710385287704,120.8092534,30.8091753,1.12
1710385288707,120.8092534,30.8091934,1.12
1710385289710,120.8092534,30.8092114,0.97
1710385290713,120.8092534,30.8092295,0.82
1710385291716,120.8092534,30.8092476,0.76
1710385292719,120.8092533,30.8092658,0.74
1710385293722,120.8092531,30.8092838,0.77
1710385294725,120.8092530,30.8093020,0.82
1710385295728,120.8092529,30.8093201,0.89
1710385296731,120.8092528,30.8093382,0.97
1710385297734,120.8092527,30.8093562,0.88
1710385298737,120.8092527,30.8093743,0.75
1710385299740,120.8092525,30.8093924,0.63
1710385300743,120.8092522,30.8094104,0.63
1710385301746,120.8092519,30.8094285,0.74
1710385302749,120.8092515,30.8094465,1.04
1710385303752,120.8092511,30.8094644,1.39
1710385304755,120.8092508,30.8094824,1.80
1710385305758,120.8092505,30.8095004,2.10
1710385306761,120.8092505,30.8095183,2.30
1710385307764,120.8092505,30.8095363,2.36
1710385308767,120.8092506,30.8095541,2.42
1710385309770,120.8092507,30.8095720,2.42
1710385310773,120.8092509,30.8095899,2.36
1710385311776,120.8092511,30.8096077,2.30
1710385312779,120.8092514,30.8096256,2.25
1710385313782,120.8092516,30.8096436,2.38
1710385314785,120.8092519,30.8096615,2.56
